17840
28664
28884
9777
1205
18810
14766
27737
16095
12124
19871
20344
27290
9008
11693
7383
4086
18509
19260
28574
23139
7400
18175
1711
26867
13892
6279
15399
12262
25280
11361
2509
23615
26388
18834
7181
1651
19351
10056
18752
5293
27173
9226
9807
14001
6592
21955
25955
16416
14802
20159
20516
6449
18748
19149
28529
19152
1768
9708
3522
28187
20382
6399
8807
24575
20061
1957
7346
8938
15478
24481
11575
19542
28982
15200
9835
5599
11710
3638
22005
20556
24473
13513
3996
28654
21015
26744
26853
9859
18599
785
15927
14903
17288
23087
17465
21775
3829
7483
13004
7226
4625
23776
19117
20493
27354
2100
22497
17168
10044
12689
24777
4697
28015
29373
15603
27801
18854
2341
25986
25819
7707
9410
20066
16638
10990
24588
11658
20272
22523
12473
22333
20280
7372
29105
7429
27592
24077
16567
7908
23325
9480
8142
26081
2824
24859
28370
14561
23896
17843
17165
15545
27913
12298
28733
22183
24615
29888
14917
6058
4459
3282
5191
25151
16657
14303
26408
17115
9684
7613
13163
28020
27341
25241
27597
28889
28776
17209
16221
14689
12993
3383
16678
23186
13901
17137
7536
6839
10377
18538
23120
26432
8819
7553
7693
6861
23049
16944
26105
14000
11863
28945
3548
2662
28684
603
5034
5995
28329
6453
15319
14930
26680
22778
2029
13369
111
8916
25816
12408
2454
15510
16498
1848
21817
12556
17378
14946
4303
26225
11118
26023
3717
5592
27369
5782
6899
16076
7853
9822
3040
9573
7638
68
9273
24607
9483
12157
7962
13592
155
16249
21004
21191
20727
1594
29378
20541
6001
26809
12891
22732
895
14125
8149
21788
28325
28489
3868
25915
7967
22729
27667
2378
17302
13257
5333
13851
29910
13822
10569
25991
19568
7820
8554
3257
4973
15495
11760
11819
23573
23100
11248
26399
13947
20247
7459
14191
19519
24041
9844
6707
28602
13104
2094
2965
29172
3950
14328
10346
9
1782
6455
15318
25607
14756
8757
7597
14266
17309
21864
11621
1483
18759
19177
19910
25190
25947
1557
21668
24734
23
15918
8526
20151
29433
4486
3315
13820
28347
4273
13404
16131
7059
20496
26379
22469
376
2660
9492
11627
20679
16451
7190
4102
6053
27838
13957
21747
3219
9924
17329
16404
16664
21605
24255
5747
19708
23704
6070
7875
939
12113
25331
22743
16263
3237
6866
17043
14862
5950
10697
15180
10043
11920
2667
2204
10433
1558
19321
5270
21213
24947
28754
24136
15162
27401
6379
6638
23578
22460
7371
10449
20821
22663
5816
26380
8533
24171
18201
27799
19011
26829
3136
19234
11494
25191
18216
18781
2767
20530
565
12523
13639
28571
8272
20269
23597
13282
29880
15314
1510
6624
10621
1266
9271
17519
23141
15833
17888
22467
3045
23998
15253
28299
15409
7026
13954
15687
15541
19671
867
24275
16863
10542
11788
7352
18288
19193
15776
409
211
27789
8511
18576
16443
4977
3324
24678
13431
10537
965
7056
1381
20332
2156
24388
23713
17512
14159
24085
12846
25650
24905
25979
27062
24674
2339
29736
12119
3560
19870
2175
26356
4306
19783
14413
21333
19091
5196
6356
17554
24168
19780
3775
10875
19813
13055
16996
3419
812
4611
12750
4763
9184
19208
7406
5425
29885
8219
3864
8482
6875
15375
8013
8307
25640
23378
26979
5952
7320
17633
17648
25698
27051
1215
652
4309
16905
26073
18475
233
17193
21537
14037
20270
64
26307
13693
8551
8581
22353
20413
15711
22551
21283
9652
28324
4365
12835
17505
22671
17153
19259
10135
25879
21611
8780
26196
24006
934
22701
23034
4349
5894
27959
1991
9970
24359
23502
4492
10229
10796
26476
7642
11509
29699
6619
5190
20874
2261
9039
16990
9667
9701
7058
5729
11719
12712
546
6196
18461
20545
19144
15883
15325
3071
21610
1180
11319
14338
18484
6959
1442
9424
25563
29702
19137
21429
19280
19698
22948
8999
12832
14684
22724
27402
1804
3126
26670
12059
1972
21079
20016
11644
27291
22302
25459
21678
24688
3943
20559
1687
18559
6819
9945
3499
29787
4880
12270
27056
23169
13840
20099
21929
14633
28473
22152
20619
8728
201
19304
11429
39
3577
17593
17750
9529
5440
4135
27825
9402
17135
9771
13045
20849
4406
29694
28741
7000
14175
3556
26402
3889
17655
26868
1527
15753
22920
14311
24108
23225
6042
12391
15902
10943
1289
15969
14872
14647
11560
1504
28376
24335
7959
5151
2621
178
26714
4526
63
3899
1146
18119
13262
6706
23090
16533
18574
5348
25528
3426
25412
6948
490
7938
14596
13478
18248
26180
10007
928
8426
11407
22755
15368
3141
10065
6692
22758
4926
12251
21087
23348
26450
28380
3862
3778
25597
20225
11915
4053
17062
10994
12985
9965
19088
8578
27748
28805
26487
27006
12663
26071
10036
22051
27211
8444
12414
15499
15390
3483
20891
28650
17867
3559
24321
19911
2286
14102
23269
17994
24022
13599
15517
13719
23222
29610
7625
23199
12980
2055
20194
21258
27802
1518
6882
28083
23446
4809
18984
7988
25238
23044
10187
26627
17794
16828
14655
28064
27712
24517
18016
15993
13748
11936
4683
19441
14458
1032
3413
5720
1612
19178
29755
19654
20184
12613
25771
14017
10
23591
1828
13821
19552
2634
11445
11883
14547
15024
5518
5739
12436
14894
20828
22517
21994
16202
14823
7414
10590
18653
10215
10820
7160
29363
7463
16058
237
22122
14695
17881
18797
14658
28137
17850
25578
18050
11080
17722
22829
7622
19684
29603
1487
7948
26042
4198
1676
8786
23057
24610
11849
26978
25779
5581
2306
14464
14807
3467
23450
23904
8699
21451
9562
12027
26005
26282
20550
9703
8498
28448
27100
19893
12368
16409
12276
8131
7685
1414
27339
8567
4038
20667
29277
15982
20956
411
334
21081
9482
17386
7384
11250
20799
12594
16557
27809
5506
22596
11715
18338
11376
26236
9185
6577
23286
28743
25814
11593
1604
428
25545
22720
8227
16914
28116
10348
21921
19507
3164
1621
15352
26468
4262
20388
23876
13240
9020
5444
8885
25395
25959
885
13789
28908
8006
19973
1171
8955
20557
6180
16207
2507
14142
10459
12016
28668
15674
20789
24724
2193
16034
11661
8754
28848
22576
15287
15689
1968
7135
11850
29248
24681
1293
7380
5526
16933
10553
20650
12077
23277
26662
27450
1778
9539
3828
8853
3949
20859
15925
14681
29072
18804
7998
869
11682
5118
14885
14371
26532
11629
22714
18253
5273
1883
11716
13849
11131
11409
22962
7734
12290
6457
17125
26814
16654
24685
5438
11286
13139
10398
4618
17326
9173
21425
23122
6195
12777
18983
8680
4984
19123
19718
14473
26243
11674
10643
19430
879
29749
5201
5909
25404
23540
1660
22115
10361
21349
29456
24498
10476
17920
7504
4944
90
17096
19750
24452
24703
17534
5764
23945
17077
15255
23006
28699
29686
2722
23976
10737
22763
6500
26010
10580
24080
1951
2714
14975
17517
1902
14687
11163
26474
26353
5859
10549
19454
3102
15622
18701
27511
1255
12296
5394
5224
9141
14086
19275
13195
8652
19478
17776
2815
25805
17245
8186
11074
20921
25525
3965
27746
3112
29492
9436
9694
9426
28510
19518
5200
27436
17958
12156
25001
15657
18633
20480
23397
2812
21092
20238
224
9196
28609
11386
11564
22084
11359
18207
24497
12094
27018
11581
9404
15624
10703
343
19372
3119
18470
19048
20592
140
12367
7738
19096
13962
4800
10076
27073
6060
21988
28040
7666
10244
9367
19522
23749
12331
24926
9758
29965
4875
13041
7316
5307
25574
10610
11484
5189
25858
8795
28872
2907
9262
27015
14424
2521
29901
10451
3066
23280
12652
13295
10148
23423
3292
20948
20717
10551
6127
22786
17572
14768
16739
21404
18523
10253
12086
5698
1574
22750
955
8105
595
17361
19343
19251
5077
26932
17331
23545
7859
3764
25231
18998
11916
14161
10534
1595
15132
27206
26707
27843
11859
13841
22444
10404
18884
6606
5143
17455
15052
4027
6372
2922
2316
11816
16924
17770
22874
12600
2903
25562
3260
16190
22644
7628
17138
17812
24665
316
3076
10376
26155
5661
21766
1775
17909
10417
6902
18373
29409
10920
4932
18937
10464
19462
18212
5413
24534
10662
21453
21060
28912
15183
20706
20481
1709
16368
11864
711
1802
13846
7649
10295
12109
11101
3936
19969
29886
23265
20696
7702
5372
8438
25982
27886
14232
13460
28861
11635
15213
1083
7047
27366
5436
15738
1366
19922
14122
9071
21759
2749
23434
21072
13772
13003
2941
8147
11697
16519
2502
22835
17578
14749
27378
19095
22550
13675
18644
14061
17391
29925
15627
29042
16282
4482
22354
25695
11328
764
25490
20534
12053
12483
27200
8708
8715
11873
13920
18581
7067
16198
11889
25961
15526
10566
6138
23078
8309
15041
10892
789
11876
2470
17802
22191
2600
14988
11330
2066
21742
16600
13254
20472
11424
275
2443
15654
28746
26496
27719
11651
19036
1693
4682
23962
4636
1208
15408
29830
23728
21887
24521
19051
13305
26997
17626
24903
17284
22459
18921
19933
2215
27938
19857
24311
23094
22408
29007
20483
16815
18213
19197
22942
11656
20013
9117
23295
29407
12431
21928
16735
11517
15295
25830
17938
25276
17441
2744
19055
13943
24092
24261
20188
13475
23512
12155
2487
8579
28651
29440
806
15514
7545
21672
2615
6995
22069
27231
25250
6933
625
3687
727
22689
22885
7033
18975
5785
8568
25641
18429
10642
27857
18486
10357
9440
14506
23290
18120
13509
2854
16669
13673
24444
10745
593
25010
5738
28928
10439
4651
24661
16855
11422
21695
26232
6328
21601
22072
13275
9576
21001
2463
4623
26007
14477
24816
12939
11689
3854
15834
1949
10907
13764
21642
7189
189
14723
12737
29070
23350
9314
25452
6201
12595
22474
19220
23802
6110
23936
22493
10866
20842
25176
9204
12039
7795
24215
11961
14154
25539
326
8638
20644
14450
7990
28847
11497
27766
20327
1507
7332
28381
3114
6526
5402
22286
28946
18779
13824
20536
7885
29278
22106
6676
20436
4852
24636
8739
14815
24731
9704
6558
26969
17933
23507
20231
16551
1955
16977
19653
7257
25340
13707
5762
4150
6223
9474
18335
18749
23059
24844
19817
23475
11666
20173
29807
27057
29912
28323
16701
23988
13374
16110
1011
12569
26768
3215
21752
28150
7098
22769
2076
24716
9671
26878
22794
6944
27088
15363
12265
13461
3197
5892
10923
820
28
16487
15892
18893
4633
26497
8729
3796
3985
14575
25713
29875
5081
9768
9432
29230
24608
11630
14836
22131
25303
10638
6104
9927
8483
26431
21656
26556
7254
5164
23187
9789
19433
5418
7435
24117
8179
15074
7452
10790
15735
14002
10171
7080
22217
7981
28111
19247
1640
45
3933
25699
1767
2377
27355
9621
3830
171
5261
13868
8420
23685
26483
24831
21049
13114
3038
26504
713
15146
2757
21704
29758
2329
8964
25501
5866
7192
9036
26989
5110
22945
2557
23021
25164
28991
27110
26427
791
2317
14987
8257
22167
12721
18928
16168
28488
24648
5584
24970
18184
20499
23571
8003
29345
23127
20551
3468
21276
26592
3422
26495
2852
614
138
14498
24560
14789
26087
29692
27434
16867
11813
17405
20492
11541
9851
12882
2105
23075
4644
17371
28672
3494
27123
29840
20307
29171
23192
26861
10409
14778
14356
18980
2693
27169
775
4873
11439
12684
7195
19703
12621
4298
5648
10122
7095
7803
18803
1311
21732
4091
16369
5030
2400
16760
24699
17178
19409
21366
6150
9659
4368
26378
393
14889
24480
20317
17060
6494
8762
23215
10001
25995
21461
11295
3744
15339
16587
16342
13565
24248
23484
17724
13942
16938
21802
16792
29356
24649
4080
29045
654
7262
24357
22795
21932
20120
13703
5051
17637
43
1608
27810
22109
11385
11032
8210
15740
4122
24689
12452
17918
25008
18555
29525
7630
4199
3447
24429
12518
16009
23373
1010
16261
23345
7790
23759
13969
17264
7105
1758
22371
25348
28278
2869
15249
13978
24222
25253
16473
7562
12437
26085
25402
11505
10136
11885
3342
24523
16787
26523
9350
25645
8810
7018
14105
27285
12363
4258
16886
12372
4617
4737
13434
19035
19661
14278
14158
25039
661
11483
16167
10672
27141
23095
11125
24946
25632
24445
9633
22362
9249
10740
3897
29195
18965
23860
5914
23480
1741
17443
19257
28399
15069
1592
5238
16993
15869
17596
25764
15640
1529
22023
22475
3983
10053
22133
1374
25580
16123
29049
8450
26305
27119
29303
286
22782
1887
8986
25928
22508
6200
22211
20695
14104
24370
16984
4210
7946
12005
17307
12282
8735
24803
26777
22429
6784
9818
12631
945
