1198
8645
3030
7272
9307
7743
6216
7450
3401
8151
1867
865
7772
2737
6799
8782
9471
2196
6064
328
7349
739
3890
4346
7055
3462
1693
4516
6866
2081
1413
7465
2045
7096
9359
325
7659
2345
2382
5155
5004
7729
2469
9878
5126
4390
9589
7948
6529
5728
6163
9291
5740
7403
3217
961
359
1937
2927
7257
3177
4819
774
7167
3281
676
7478
313
9491
4277
7924
357
1408
5482
7913
6336
1034
9925
7699
4318
859
7046
2058
2713
5667
4975
8665
9754
8126
6791
6547
9504
710
1343
8573
3691
9322
1576
6160
1325
6465
9363
7304
841
2624
2863
3459
2845
1139
105
4051
5997
7877
3706
3209
461
6730
1871
4185
4925
6301
7776
2522
2263
766
9220
1203
3635
1063
2622
4856
1999
2210
9442
4167
7229
6024
5945
3953
5359
1810
6394
8229
8902
3824
847
7375
8107
2535
496
2299
7152
2630
8084
5652
7352
8343
4209
8297
8701
1082
5003
6519
6254
5994
6645
2767
4874
646
7876
8210
5532
5778
5968
5689
8004
7159
2597
4276
7573
431
7596
3314
6167
7193
9987
2140
6962
2164
3677
4112
9601
3431
404
9729
4
4088
7521
8091
4729
